(kicad_pcb (version 20171130) (host pcbnew 5.1.4-e60b266~84~ubuntu19.04.1)

  (general
    (thickness 1.6)
    (drawings 11)
    (tracks 244)
    (zones 0)
    (modules 56)
    (nets 66)
  )

  (page A4)
  (title_block
    (title "Beamforming Signal Generator")
    (date 2019-12-04)
    (rev 00)
    (company charleslabs.fr)
  )

  (layers
    (0 F.Cu signal)
    (31 B.Cu signal)
    (32 B.Adhes user)
    (33 F.Adhes user)
    (34 B.Paste user)
    (35 F.Paste user)
    (36 B.SilkS user)
    (37 F.SilkS user)
    (38 B.Mask user)
    (39 F.Mask user)
    (40 Dwgs.User user)
    (41 Cmts.User user)
    (42 Eco1.User user)
    (43 Eco2.User user)
    (44 Edge.Cuts user)
    (45 Margin user)
    (46 B.CrtYd user)
    (47 F.CrtYd user)
    (48 B.Fab user)
    (49 F.Fab user hide)
  )

  (setup
    (last_trace_width 0.25)
    (trace_clearance 0.2)
    (zone_clearance 0.508)
    (zone_45_only no)
    (trace_min 0.2)
    (via_size 0.8)
    (via_drill 0.4)
    (via_min_size 0.4)
    (via_min_drill 0.3)
    (uvia_size 0.3)
    (uvia_drill 0.1)
    (uvias_allowed no)
    (uvia_min_size 0.2)
    (uvia_min_drill 0.1)
    (edge_width 0.15)
    (segment_width 0.2)
    (pcb_text_width 0.3)
    (pcb_text_size 1.5 1.5)
    (mod_edge_width 0.15)
    (mod_text_size 1 1)
    (mod_text_width 0.15)
    (pad_size 1.524 1.524)
    (pad_drill 0.762)
    (pad_to_mask_clearance 0.2)
    (aux_axis_origin 0 0)
    (visible_elements 7FFFFFFF)
    (pcbplotparams
      (layerselection 0x010f0_ffffffff)
      (usegerberextensions false)
      (usegerberattributes false)
      (usegerberadvancedattributes false)
      (creategerberjobfile false)
      (excludeedgelayer true)
      (linewidth 0.100000)
      (plotframeref false)
      (viasonmask false)
      (mode 1)
      (useauxorigin false)
      (hpglpennumber 1)
      (hpglpenspeed 20)
      (hpglpendiameter 15.000000)
      (psnegative false)
      (psa4output false)
      (plotreference true)
      (plotvalue true)
      (plotinvisibletext false)
      (padsonsilk false)
      (subtractmaskfromsilk false)
      (outputformat 1)
      (mirror false)
      (drillshape 0)
      (scaleselection 1)
      (outputdirectory "./gerber"))
  )

  (net 0 "")
  (net 1 GND)
  (net 2 /S_0)
  (net 3 /S_1)
  (net 4 /S_2)
  (net 5 /S_3)
  (net 6 /S_4)
  (net 7 /S_5)
  (net 8 /S_6)
  (net 9 +5V)
  (net 10 /S_7)
  (net 11 /S_8)
  (net 12 /S_9)
  (net 13 /S_10)
  (net 14 /S_11)
  (net 15 /HP_5)
  (net 16 /HP_4)
  (net 17 /HP_3)
  (net 18 /HP_2)
  (net 19 /HP_1)
  (net 20 /HP_0)
  (net 21 /HP_6)
  (net 22 /HP_7)
  (net 23 /HP_8)
  (net 24 /HP_9)
  (net 25 /HP_10)
  (net 26 /HP_11)
  (net 27 "Net-(RV1-Pad2)")
  (net 28 "Net-(RV2-Pad2)")
  (net 29 "Net-(RV3-Pad2)")
  (net 30 "Net-(RV4-Pad2)")
  (net 31 "Net-(RV5-Pad2)")
  (net 32 "Net-(RV6-Pad2)")
  (net 33 "Net-(RV7-Pad2)")
  (net 34 "Net-(RV8-Pad2)")
  (net 35 "Net-(RV9-Pad2)")
  (net 36 "Net-(RV10-Pad2)")
  (net 37 "Net-(RV11-Pad2)")
  (net 38 "Net-(RV12-Pad2)")
  (net 39 /S_0C)
  (net 40 /S_1C)
  (net 41 /S_2C)
  (net 42 /S_3C)
  (net 43 /S_4C)
  (net 44 /S_5C)
  (net 45 /S_6C)
  (net 46 /S_7C)
  (net 47 /S_8C)
  (net 48 /S_9C)
  (net 49 /S_10C)
  (net 50 /S_11C)
  (net 51 /SCLK)
  (net 52 "Net-(A1-Pad1)")
  (net 53 "Net-(A1-Pad17)")
  (net 54 "Net-(A1-Pad2)")
  (net 55 "Net-(A1-Pad18)")
  (net 56 "Net-(A1-Pad3)")
  (net 57 "Net-(A1-Pad19)")
  (net 58 "Net-(A1-Pad20)")
  (net 59 "Net-(A1-Pad21)")
  (net 60 "Net-(A1-Pad23)")
  (net 61 "Net-(A1-Pad24)")
  (net 62 "Net-(A1-Pad25)")
  (net 63 "Net-(A1-Pad26)")
  (net 64 "Net-(A1-Pad28)")
  (net 65 "Net-(A1-Pad30)")

  (net_class Default "Ceci est la Netclass par défaut."
    (clearance 0.2)
    (trace_width 0.25)
    (via_dia 0.8)
    (via_drill 0.4)
    (uvia_dia 0.3)
    (uvia_drill 0.1)
    (add_net +5V)
    (add_net /HP_0)
    (add_net /HP_1)
    (add_net /HP_10)
    (add_net /HP_11)
    (add_net /HP_2)
    (add_net /HP_3)
    (add_net /HP_4)
    (add_net /HP_5)
    (add_net /HP_6)
    (add_net /HP_7)
    (add_net /HP_8)
    (add_net /HP_9)
    (add_net /SCLK)
    (add_net /S_0)
    (add_net /S_0C)
    (add_net /S_1)
    (add_net /S_10)
    (add_net /S_10C)
    (add_net /S_11)
    (add_net /S_11C)
    (add_net /S_1C)
    (add_net /S_2)
    (add_net /S_2C)
    (add_net /S_3)
    (add_net /S_3C)
    (add_net /S_4)
    (add_net /S_4C)
    (add_net /S_5)
    (add_net /S_5C)
    (add_net /S_6)
    (add_net /S_6C)
    (add_net /S_7)
    (add_net /S_7C)
    (add_net /S_8)
    (add_net /S_8C)
    (add_net /S_9)
    (add_net /S_9C)
    (add_net GND)
    (add_net "Net-(A1-Pad1)")
    (add_net "Net-(A1-Pad17)")
    (add_net "Net-(A1-Pad18)")
    (add_net "Net-(A1-Pad19)")
    (add_net "Net-(A1-Pad2)")
    (add_net "Net-(A1-Pad20)")
    (add_net "Net-(A1-Pad21)")
    (add_net "Net-(A1-Pad23)")
    (add_net "Net-(A1-Pad24)")
    (add_net "Net-(A1-Pad25)")
    (add_net "Net-(A1-Pad26)")
    (add_net "Net-(A1-Pad28)")
    (add_net "Net-(A1-Pad3)")
    (add_net "Net-(A1-Pad30)")
    (add_net "Net-(RV1-Pad2)")
    (add_net "Net-(RV10-Pad2)")
    (add_net "Net-(RV11-Pad2)")
    (add_net "Net-(RV12-Pad2)")
    (add_net "Net-(RV2-Pad2)")
    (add_net "Net-(RV3-Pad2)")
    (add_net "Net-(RV4-Pad2)")
    (add_net "Net-(RV5-Pad2)")
    (add_net "Net-(RV6-Pad2)")
    (add_net "Net-(RV7-Pad2)")
    (add_net "Net-(RV8-Pad2)")
    (add_net "Net-(RV9-Pad2)")
  )

  (module Potentiometer_THT:Potentiometer_Bourns_3296W_Vertical (layer F.Cu) (tedit 5A3D4994) (tstamp 5DF45D5D)
    (at 134.62 93.98 180)
    (descr "Potentiometer, vertical, Bourns 3296W, https://www.bourns.com/pdfs/3296.pdf")
    (tags "Potentiometer vertical Bourns 3296W")
    (path /5DE7F0FE)
    (fp_text reference RV6 (at 5.08 2.54 180) (layer F.SilkS)
      (effects (font (size 1 1) (thickness 0.15)))
    )
    (fp_text value 10k (at -2.54 3.67 180) (layer F.Fab)
      (effects (font (size 1 1) (thickness 0.15)))
    )
    (fp_text user %R (at -3.175 0.005 180) (layer F.Fab)
      (effects (font (size 1 1) (thickness 0.15)))
    )
    (fp_line (start 2.5 -2.7) (end -7.6 -2.7) (layer F.CrtYd) (width 0.05))
    (fp_line (start 2.5 2.7) (end 2.5 -2.7) (layer F.CrtYd) (width 0.05))
    (fp_line (start -7.6 2.7) (end 2.5 2.7) (layer F.CrtYd) (width 0.05))
    (fp_line (start -7.6 -2.7) (end -7.6 2.7) (layer F.CrtYd) (width 0.05))
    (fp_line (start 2.345 -2.53) (end 2.345 2.54) (layer F.SilkS) (width 0.12))
    (fp_line (start -7.425 -2.53) (end -7.425 2.54) (layer F.SilkS) (width 0.12))
    (fp_line (start -7.425 2.54) (end 2.345 2.54) (layer F.SilkS) (width 0.12))
    (fp_line (start -7.425 -2.53) (end 2.345 -2.53) (layer F.SilkS) (width 0.12))
    (fp_line (start 0.955 2.235) (end 0.956 0.066) (layer F.Fab) (width 0.1))
    (fp_line (start 0.955 2.235) (end 0.956 0.066) (layer F.Fab) (width 0.1))
    (fp_line (start 2.225 -2.41) (end -7.305 -2.41) (layer F.Fab) (width 0.1))
    (fp_line (start 2.225 2.42) (end 2.225 -2.41) (layer F.Fab) (width 0.1))
    (fp_line (start -7.305 2.42) (end 2.225 2.42) (layer F.Fab) (width 0.1))
    (fp_line (start -7.305 -2.41) (end -7.305 2.42) (layer F.Fab) (width 0.1))
    (fp_circle (center 0.955 1.15) (end 2.05 1.15) (layer F.Fab) (width 0.1))
    (pad 3 thru_hole circle (at -5.08 0 180) (size 1.44 1.44) (drill 0.8) (layers *.Cu *.Mask)
      (net 1 GND))
    (pad 2 thru_hole circle (at -2.54 0 180) (size 1.44 1.44) (drill 0.8) (layers *.Cu *.Mask)
      (net 32 "Net-(RV6-Pad2)"))
    (pad 1 thru_hole circle (at 0 0 180) (size 1.44 1.44) (drill 0.8) (layers *.Cu *.Mask)
      (net 44 /S_5C))
    (model ${KISYS3DMOD}/Potentiometer_THT.3dshapes/Potentiometer_Bourns_3296W_Vertical.wrl
      (at (xyz 0 0 0))
      (scale (xyz 1 1 1))
      (rotate (xyz 0 0 0))
    )
  )

  (module Potentiometer_THT:Potentiometer_Bourns_3296W_Vertical (layer F.Cu) (tedit 5A3D4994) (tstamp 5DF45D46)
    (at 134.62 100.33 180)
    (descr "Potentiometer, vertical, Bourns 3296W, https://www.bourns.com/pdfs/3296.pdf")
    (tags "Potentiometer vertical Bourns 3296W")
    (path /5DE7F0F5)
    (fp_text reference RV5 (at 5.08 2.54 180) (layer F.SilkS)
      (effects (font (size 1 1) (thickness 0.15)))
    )
    (fp_text value 10k (at -2.54 3.67 180) (layer F.Fab)
      (effects (font (size 1 1) (thickness 0.15)))
    )
    (fp_circle (center 0.955 1.15) (end 2.05 1.15) (layer F.Fab) (width 0.1))
    (fp_line (start -7.305 -2.41) (end -7.305 2.42) (layer F.Fab) (width 0.1))
    (fp_line (start -7.305 2.42) (end 2.225 2.42) (layer F.Fab) (width 0.1))
    (fp_line (start 2.225 2.42) (end 2.225 -2.41) (layer F.Fab) (width 0.1))
    (fp_line (start 2.225 -2.41) (end -7.305 -2.41) (layer F.Fab) (width 0.1))
    (fp_line (start 0.955 2.235) (end 0.956 0.066) (layer F.Fab) (width 0.1))
    (fp_line (start 0.955 2.235) (end 0.956 0.066) (layer F.Fab) (width 0.1))
    (fp_line (start -7.425 -2.53) (end 2.345 -2.53) (layer F.SilkS) (width 0.12))
    (fp_line (start -7.425 2.54) (end 2.345 2.54) (layer F.SilkS) (width 0.12))
    (fp_line (start -7.425 -2.53) (end -7.425 2.54) (layer F.SilkS) (width 0.12))
    (fp_line (start 2.345 -2.53) (end 2.345 2.54) (layer F.SilkS) (width 0.12))
    (fp_line (start -7.6 -2.7) (end -7.6 2.7) (layer F.CrtYd) (width 0.05))
    (fp_line (start -7.6 2.7) (end 2.5 2.7) (layer F.CrtYd) (width 0.05))
    (fp_line (start 2.5 2.7) (end 2.5 -2.7) (layer F.CrtYd) (width 0.05))
    (fp_line (start 2.5 -2.7) (end -7.6 -2.7) (layer F.CrtYd) (width 0.05))
    (fp_text user %R (at -3.175 0.005 180) (layer F.Fab)
      (effects (font (size 1 1) (thickness 0.15)))
    )
    (pad 1 thru_hole circle (at 0 0 180) (size 1.44 1.44) (drill 0.8) (layers *.Cu *.Mask)
      (net 43 /S_4C))
    (pad 2 thru_hole circle (at -2.54 0 180) (size 1.44 1.44) (drill 0.8) (layers *.Cu *.Mask)
      (net 31 "Net-(RV5-Pad2)"))
    (pad 3 thru_hole circle (at -5.08 0 180) (size 1.44 1.44) (drill 0.8) (layers *.Cu *.Mask)
      (net 1 GND))
    (model ${KISYS3DMOD}/Potentiometer_THT.3dshapes/Potentiometer_Bourns_3296W_Vertical.wrl
      (at (xyz 0 0 0))
      (scale (xyz 1 1 1))
      (rotate (xyz 0 0 0))
    )
  )

  (module Potentiometer_THT:Potentiometer_Bourns_3296W_Vertical (layer F.Cu) (tedit 5A3D4994) (tstamp 5DF45D2F)
    (at 134.62 106.68 180)
    (descr "Potentiometer, vertical, Bourns 3296W, https://www.bourns.com/pdfs/3296.pdf")
    (tags "Potentiometer vertical Bourns 3296W")
    (path /5DE7D81F)
    (fp_text reference RV4 (at 5.08 2.54 180) (layer F.SilkS)
      (effects (font (size 1 1) (thickness 0.15)))
    )
    (fp_text value 10k (at -2.54 3.67 180) (layer F.Fab)
      (effects (font (size 1 1) (thickness 0.15)))
    )
    (fp_text user %R (at -3.175 0.005 180) (layer F.Fab)
      (effects (font (size 1 1) (thickness 0.15)))
    )
    (fp_line (start 2.5 -2.7) (end -7.6 -2.7) (layer F.CrtYd) (width 0.05))
    (fp_line (start 2.5 2.7) (end 2.5 -2.7) (layer F.CrtYd) (width 0.05))
    (fp_line (start -7.6 2.7) (end 2.5 2.7) (layer F.CrtYd) (width 0.05))
    (fp_line (start -7.6 -2.7) (end -7.6 2.7) (layer F.CrtYd) (width 0.05))
    (fp_line (start 2.345 -2.53) (end 2.345 2.54) (layer F.SilkS) (width 0.12))
    (fp_line (start -7.425 -2.53) (end -7.425 2.54) (layer F.SilkS) (width 0.12))
    (fp_line (start -7.425 2.54) (end 2.345 2.54) (layer F.SilkS) (width 0.12))
    (fp_line (start -7.425 -2.53) (end 2.345 -2.53) (layer F.SilkS) (width 0.12))
    (fp_line (start 0.955 2.235) (end 0.956 0.066) (layer F.Fab) (width 0.1))
    (fp_line (start 0.955 2.235) (end 0.956 0.066) (layer F.Fab) (width 0.1))
    (fp_line (start 2.225 -2.41) (end -7.305 -2.41) (layer F.Fab) (width 0.1))
    (fp_line (start 2.225 2.42) (end 2.225 -2.41) (layer F.Fab) (width 0.1))
    (fp_line (start -7.305 2.42) (end 2.225 2.42) (layer F.Fab) (width 0.1))
    (fp_line (start -7.305 -2.41) (end -7.305 2.42) (layer F.Fab) (width 0.1))
    (fp_circle (center 0.955 1.15) (end 2.05 1.15) (layer F.Fab) (width 0.1))
    (pad 3 thru_hole circle (at -5.08 0 180) (size 1.44 1.44) (drill 0.8) (layers *.Cu *.Mask)
      (net 1 GND))
    (pad 2 thru_hole circle (at -2.54 0 180) (size 1.44 1.44) (drill 0.8) (layers *.Cu *.Mask)
      (net 30 "Net-(RV4-Pad2)"))
    (pad 1 thru_hole circle (at 0 0 180) (size 1.44 1.44) (drill 0.8) (layers *.Cu *.Mask)
      (net 42 /S_3C))
    (model ${KISYS3DMOD}/Potentiometer_THT.3dshapes/Potentiometer_Bourns_3296W_Vertical.wrl
      (at (xyz 0 0 0))
      (scale (xyz 1 1 1))
      (rotate (xyz 0 0 0))
    )
  )

  (module Module:Arduino_Nano (layer F.Cu) (tedit 58ACAF70) (tstamp 5DF45B6B)
    (at 121.92 105.41 180)
    (descr "Arduino Nano, http://www.mouser.com/pdfdocs/Gravitech_Arduino_Nano3_0.pdf")
    (tags "Arduino Nano")
    (path /5DE6DE44)
    (fp_text reference A1 (at 7.62 -5.08 180) (layer F.SilkS)
      (effects (font (size 1 1) (thickness 0.15)))
    )
    (fp_text value Arduino_Nano_v3.x (at 8.89 19.05 270) (layer F.Fab)
      (effects (font (size 1 1) (thickness 0.15)))
    )
    (fp_text user %R (at 6.35 19.05 270) (layer F.Fab)
      (effects (font (size 1 1) (thickness 0.15)))
    )
    (fp_line (start 1.27 1.27) (end 1.27 -1.27) (layer F.SilkS) (width 0.12))
    (fp_line (start 1.27 -1.27) (end -1.4 -1.27) (layer F.SilkS) (width 0.12))
    (fp_line (start -1.4 1.27) (end -1.4 39.5) (layer F.SilkS) (width 0.12))
    (fp_line (start -1.4 -3.94) (end -1.4 -1.27) (layer F.SilkS) (width 0.12))
    (fp_line (start 13.97 -1.27) (end 16.64 -1.27) (layer F.SilkS) (width 0.12))
    (fp_line (start 13.97 -1.27) (end 13.97 36.83) (layer F.SilkS) (width 0.12))
    (fp_line (start 13.97 36.83) (end 16.64 36.83) (layer F.SilkS) (width 0.12))
    (fp_line (start 1.27 1.27) (end -1.4 1.27) (layer F.SilkS) (width 0.12))
    (fp_line (start 1.27 1.27) (end 1.27 36.83) (layer F.SilkS) (width 0.12))
    (fp_line (start 1.27 36.83) (end -1.4 36.83) (layer F.SilkS) (width 0.12))
    (fp_line (start 3.81 31.75) (end 11.43 31.75) (layer F.Fab) (width 0.1))
    (fp_line (start 11.43 31.75) (end 11.43 41.91) (layer F.Fab) (width 0.1))
    (fp_line (start 11.43 41.91) (end 3.81 41.91) (layer F.Fab) (width 0.1))
    (fp_line (start 3.81 41.91) (end 3.81 31.75) (layer F.Fab) (width 0.1))
    (fp_line (start -1.4 39.5) (end 16.64 39.5) (layer F.SilkS) (width 0.12))
    (fp_line (start 16.64 39.5) (end 16.64 -3.94) (layer F.SilkS) (width 0.12))
    (fp_line (start 16.64 -3.94) (end -1.4 -3.94) (layer F.SilkS) (width 0.12))
    (fp_line (start 16.51 39.37) (end -1.27 39.37) (layer F.Fab) (width 0.1))
    (fp_line (start -1.27 39.37) (end -1.27 -2.54) (layer F.Fab) (width 0.1))
    (fp_line (start -1.27 -2.54) (end 0 -3.81) (layer F.Fab) (width 0.1))
    (fp_line (start 0 -3.81) (end 16.51 -3.81) (layer F.Fab) (width 0.1))
    (fp_line (start 16.51 -3.81) (end 16.51 39.37) (layer F.Fab) (width 0.1))
    (fp_line (start -1.53 -4.06) (end 16.75 -4.06) (layer F.CrtYd) (width 0.05))
    (fp_line (start -1.53 -4.06) (end -1.53 42.16) (layer F.CrtYd) (width 0.05))
    (fp_line (start 16.75 42.16) (end 16.75 -4.06) (layer F.CrtYd) (width 0.05))
    (fp_line (start 16.75 42.16) (end -1.53 42.16) (layer F.CrtYd) (width 0.05))
    (pad 1 thru_hole rect (at 0 0 180) (size 1.6 1.6) (drill 0.8) (layers *.Cu *.Mask)
      (net 52 "Net-(A1-Pad1)"))
    (pad 17 thru_hole oval (at 15.24 33.02 180) (size 1.6 1.6) (drill 0.8) (layers *.Cu *.Mask)
      (net 53 "Net-(A1-Pad17)"))
    (pad 2 thru_hole oval (at 0 2.54 180) (size 1.6 1.6) (drill 0.8) (layers *.Cu *.Mask)
      (net 54 "Net-(A1-Pad2)"))
    (pad 18 thru_hole oval (at 15.24 30.48 180) (size 1.6 1.6) (drill 0.8) (layers *.Cu *.Mask)
      (net 55 "Net-(A1-Pad18)"))
    (pad 3 thru_hole oval (at 0 5.08 180) (size 1.6 1.6) (drill 0.8) (layers *.Cu *.Mask)
      (net 56 "Net-(A1-Pad3)"))
    (pad 19 thru_hole oval (at 15.24 27.94 180) (size 1.6 1.6) (drill 0.8) (layers *.Cu *.Mask)
      (net 57 "Net-(A1-Pad19)"))
    (pad 4 thru_hole oval (at 0 7.62 180) (size 1.6 1.6) (drill 0.8) (layers *.Cu *.Mask)
      (net 1 GND))
    (pad 20 thru_hole oval (at 15.24 25.4 180) (size 1.6 1.6) (drill 0.8) (layers *.Cu *.Mask)
      (net 58 "Net-(A1-Pad20)"))
    (pad 5 thru_hole oval (at 0 10.16 180) (size 1.6 1.6) (drill 0.8) (layers *.Cu *.Mask)
      (net 2 /S_0))
    (pad 21 thru_hole oval (at 15.24 22.86 180) (size 1.6 1.6) (drill 0.8) (layers *.Cu *.Mask)
      (net 59 "Net-(A1-Pad21)"))
    (pad 6 thru_hole oval (at 0 12.7 180) (size 1.6 1.6) (drill 0.8) (layers *.Cu *.Mask)
      (net 3 /S_1))
    (pad 22 thru_hole oval (at 15.24 20.32 180) (size 1.6 1.6) (drill 0.8) (layers *.Cu *.Mask)
      (net 51 /SCLK))
    (pad 7 thru_hole oval (at 0 15.24 180) (size 1.6 1.6) (drill 0.8) (layers *.Cu *.Mask)
      (net 4 /S_2))
    (pad 23 thru_hole oval (at 15.24 17.78 180) (size 1.6 1.6) (drill 0.8) (layers *.Cu *.Mask)
      (net 60 "Net-(A1-Pad23)"))
    (pad 8 thru_hole oval (at 0 17.78 180) (size 1.6 1.6) (drill 0.8) (layers *.Cu *.Mask)
      (net 5 /S_3))
    (pad 24 thru_hole oval (at 15.24 15.24 180) (size 1.6 1.6) (drill 0.8) (layers *.Cu *.Mask)
      (net 61 "Net-(A1-Pad24)"))
    (pad 9 thru_hole oval (at 0 20.32 180) (size 1.6 1.6) (drill 0.8) (layers *.Cu *.Mask)
      (net 6 /S_4))
    (pad 25 thru_hole oval (at 15.24 12.7 180) (size 1.6 1.6) (drill 0.8) (layers *.Cu *.Mask)
      (net 62 "Net-(A1-Pad25)"))
    (pad 10 thru_hole oval (at 0 22.86 180) (size 1.6 1.6) (drill 0.8) (layers *.Cu *.Mask)
      (net 7 /S_5))
    (pad 26 thru_hole oval (at 15.24 10.16 180) (size 1.6 1.6) (drill 0.8) (layers *.Cu *.Mask)
      (net 63 "Net-(A1-Pad26)"))
    (pad 11 thru_hole oval (at 0 25.4 180) (size 1.6 1.6) (drill 0.8) (layers *.Cu *.Mask)
      (net 8 /S_6))
    (pad 27 thru_hole oval (at 15.24 7.62 180) (size 1.6 1.6) (drill 0.8) (layers *.Cu *.Mask)
      (net 9 +5V))
    (pad 12 thru_hole oval (at 0 27.94 180) (size 1.6 1.6) (drill 0.8) (layers *.Cu *.Mask)
      (net 10 /S_7))
    (pad 28 thru_hole oval (at 15.24 5.08 180) (size 1.6 1.6) (drill 0.8) (layers *.Cu *.Mask)
      (net 64 "Net-(A1-Pad28)"))
    (pad 13 thru_hole oval (at 0 30.48 180) (size 1.6 1.6) (drill 0.8) (layers *.Cu *.Mask)
      (net 11 /S_8))
    (pad 29 thru_hole oval (at 15.24 2.54 180) (size 1.6 1.6) (drill 0.8) (layers *.Cu *.Mask)
      (net 1 GND))
    (pad 14 thru_hole oval (at 0 33.02 180) (size 1.6 1.6) (drill 0.8) (layers *.Cu *.Mask)
      (net 12 /S_9))
    (pad 30 thru_hole oval (at 15.24 0 180) (size 1.6 1.6) (drill 0.8) (layers *.Cu *.Mask)
      (net 65 "Net-(A1-Pad30)"))
    (pad 15 thru_hole oval (at 0 35.56 180) (size 1.6 1.6) (drill 0.8) (layers *.Cu *.Mask)
      (net 13 /S_10))
    (pad 16 thru_hole oval (at 15.24 35.56 180) (size 1.6 1.6) (drill 0.8) (layers *.Cu *.Mask)
      (net 14 /S_11))
    (model ${KISYS3DMOD}/Module.3dshapes/Arduino_Nano_WithMountingHoles.wrl
      (at (xyz 0 0 0))
      (scale (xyz 1 1 1))
      (rotate (xyz 0 0 0))
    )
  )

  (module Package_DIP:DIP-8_W7.62mm (layer F.Cu) (tedit 5A02E8C5) (tstamp 5DF45E1F)
    (at 146.05 114.3 90)
    (descr "8-lead though-hole mounted DIP package, row spacing 7.62 mm (300 mils)")
    (tags "THT DIP DIL PDIP 2.54mm 7.62mm 300mil")
    (path /5DE7D803)
    (fp_text reference U2 (at 3.81 -2.33 90) (layer F.SilkS)
      (effects (font (size 1 1) (thickness 0.15)))
    )
    (fp_text value FM62429 (at 3.81 9.95 90) (layer F.Fab)
      (effects (font (size 1 1) (thickness 0.15)))
    )
    (fp_arc (start 3.81 -1.33) (end 2.81 -1.33) (angle -180) (layer F.SilkS) (width 0.12))
    (fp_line (start 1.635 -1.27) (end 6.985 -1.27) (layer F.Fab) (width 0.1))
    (fp_line (start 6.985 -1.27) (end 6.985 8.89) (layer F.Fab) (width 0.1))
    (fp_line (start 6.985 8.89) (end 0.635 8.89) (layer F.Fab) (width 0.1))
    (fp_line (start 0.635 8.89) (end 0.635 -0.27) (layer F.Fab) (width 0.1))
    (fp_line (start 0.635 -0.27) (end 1.635 -1.27) (layer F.Fab) (width 0.1))
    (fp_line (start 2.81 -1.33) (end 1.16 -1.33) (layer F.SilkS) (width 0.12))
    (fp_line (start 1.16 -1.33) (end 1.16 8.95) (layer F.SilkS) (width 0.12))
    (fp_line (start 1.16 8.95) (end 6.46 8.95) (layer F.SilkS) (width 0.12))
    (fp_line (start 6.46 8.95) (end 6.46 -1.33) (layer F.SilkS) (width 0.12))
    (fp_line (start 6.46 -1.33) (end 4.81 -1.33) (layer F.SilkS) (width 0.12))
    (fp_line (start -1.1 -1.55) (end -1.1 9.15) (layer F.CrtYd) (width 0.05))
    (fp_line (start -1.1 9.15) (end 8.7 9.15) (layer F.CrtYd) (width 0.05))
    (fp_line (start 8.7 9.15) (end 8.7 -1.55) (layer F.CrtYd) (width 0.05))
    (fp_line (start 8.7 -1.55) (end -1.1 -1.55) (layer F.CrtYd) (width 0.05))
    (fp_text user %R (at 3.81 3.81 90) (layer F.Fab)
      (effects (font (size 1 1) (thickness 0.15)))
    )
    (pad 1 thru_hole rect (at 0 0 90) (size 1.6 1.6) (drill 0.8) (layers *.Cu *.Mask)
      (net 29 "Net-(RV3-Pad2)"))
    (pad 5 thru_hole oval (at 7.62 7.62 90) (size 1.6 1.6) (drill 0.8) (layers *.Cu *.Mask)
      (net 51 /SCLK))
    (pad 2 thru_hole oval (at 0 2.54 90) (size 1.6 1.6) (drill 0.8) (layers *.Cu *.Mask)
      (net 18 /HP_2))
    (pad 6 thru_hole oval (at 7.62 5.08 90) (size 1.6 1.6) (drill 0.8) (layers *.Cu *.Mask)
      (net 9 +5V))
    (pad 3 thru_hole oval (at 0 5.08 90) (size 1.6 1.6) (drill 0.8) (layers *.Cu *.Mask)
      (net 1 GND))
    (pad 7 thru_hole oval (at 7.62 2.54 90) (size 1.6 1.6) (drill 0.8) (layers *.Cu *.Mask)
      (net 17 /HP_3))
    (pad 4 thru_hole oval (at 0 7.62 90) (size 1.6 1.6) (drill 0.8) (layers *.Cu *.Mask)
      (net 4 /S_2))
    (pad 8 thru_hole oval (at 7.62 0 90) (size 1.6 1.6) (drill 0.8) (layers *.Cu *.Mask)
      (net 30 "Net-(RV4-Pad2)"))
    (model ${KISYS3DMOD}/Package_DIP.3dshapes/DIP-8_W7.62mm.wrl
      (at (xyz 0 0 0))
      (scale (xyz 1 1 1))
      (rotate (xyz 0 0 0))
    )
  )

  (module Capacitor_SMD:C_0805_2012Metric (layer B.Cu) (tedit 5B36C52B) (tstamp 5DF45B7C)
    (at 135.5575 128.27)
    (descr "Capacitor SMD 0805 (2012 Metric), square (rectangular) end terminal, IPC_7351 nominal, (Body size source: https://docs.google.com/spreadsheets/d/1BsfQQcO9C6DZCsRaXUlFlo91Tg2WpOkGARC1WS5S8t0/edit?usp=sharing), generated with kicad-footprint-generator")
    (tags capacitor)
    (path /5DE7B1E7)
    (attr smd)
    (fp_text reference C1 (at 0 1.65) (layer B.SilkS)
      (effects (font (size 1 1) (thickness 0.15)) (justify mirror))
    )
    (fp_text value 100n (at 0 -1.65) (layer B.Fab)
      (effects (font (size 1 1) (thickness 0.15)) (justify mirror))
    )
    (fp_text user %R (at 0 0) (layer B.Fab)
      (effects (font (size 0.5 0.5) (thickness 0.08)) (justify mirror))
    )
    (fp_line (start 1.68 -0.95) (end -1.68 -0.95) (layer B.CrtYd) (width 0.05))
    (fp_line (start 1.68 0.95) (end 1.68 -0.95) (layer B.CrtYd) (width 0.05))
    (fp_line (start -1.68 0.95) (end 1.68 0.95) (layer B.CrtYd) (width 0.05))
    (fp_line (start -1.68 -0.95) (end -1.68 0.95) (layer B.CrtYd) (width 0.05))
    (fp_line (start -0.258578 -0.71) (end 0.258578 -0.71) (layer B.SilkS) (width 0.12))
    (fp_line (start -0.258578 0.71) (end 0.258578 0.71) (layer B.SilkS) (width 0.12))
    (fp_line (start 1 -0.6) (end -1 -0.6) (layer B.Fab) (width 0.1))
    (fp_line (start 1 0.6) (end 1 -0.6) (layer B.Fab) (width 0.1))
    (fp_line (start -1 0.6) (end 1 0.6) (layer B.Fab) (width 0.1))
    (fp_line (start -1 -0.6) (end -1 0.6) (layer B.Fab) (width 0.1))
    (pad 2 smd roundrect (at 0.9375 0) (size 0.975 1.4) (layers B.Cu B.Paste B.Mask) (roundrect_rratio 0.25)
      (net 1 GND))
    (pad 1 smd roundrect (at -0.9375 0) (size 0.975 1.4) (layers B.Cu B.Paste B.Mask) (roundrect_rratio 0.25)
      (net 39 /S_0C))
    (model ${KISYS3DMOD}/Capacitor_SMD.3dshapes/C_0805_2012Metric.wrl
      (at (xyz 0 0 0))
      (scale (xyz 1 1 1))
      (rotate (xyz 0 0 0))
    )
  )

  (module Capacitor_SMD:C_0805_2012Metric (layer B.Cu) (tedit 5B36C52B) (tstamp 5DF45B8D)
    (at 135.5575 121.92)
    (descr "Capacitor SMD 0805 (2012 Metric), square (rectangular) end terminal, IPC_7351 nominal, (Body size source: https://docs.google.com/spreadsheets/d/1BsfQQcO9C6DZCsRaXUlFlo91Tg2WpOkGARC1WS5S8t0/edit?usp=sharing), generated with kicad-footprint-generator")
    (tags capacitor)
    (path /5DE7870C)
    (attr smd)
    (fp_text reference C2 (at 0 1.65) (layer B.SilkS)
      (effects (font (size 1 1) (thickness 0.15)) (justify mirror))
    )
    (fp_text value 100n (at 0 -1.65) (layer B.Fab)
      (effects (font (size 1 1) (thickness 0.15)) (justify mirror))
    )
    (fp_line (start -1 -0.6) (end -1 0.6) (layer B.Fab) (width 0.1))
    (fp_line (start -1 0.6) (end 1 0.6) (layer B.Fab) (width 0.1))
    (fp_line (start 1 0.6) (end 1 -0.6) (layer B.Fab) (width 0.1))
    (fp_line (start 1 -0.6) (end -1 -0.6) (layer B.Fab) (width 0.1))
    (fp_line (start -0.258578 0.71) (end 0.258578 0.71) (layer B.SilkS) (width 0.12))
    (fp_line (start -0.258578 -0.71) (end 0.258578 -0.71) (layer B.SilkS) (width 0.12))
    (fp_line (start -1.68 -0.95) (end -1.68 0.95) (layer B.CrtYd) (width 0.05))
    (fp_line (start -1.68 0.95) (end 1.68 0.95) (layer B.CrtYd) (width 0.05))
    (fp_line (start 1.68 0.95) (end 1.68 -0.95) (layer B.CrtYd) (width 0.05))
    (fp_line (start 1.68 -0.95) (end -1.68 -0.95) (layer B.CrtYd) (width 0.05))
    (fp_text user %R (at 0 0) (layer B.Fab)
      (effects (font (size 0.5 0.5) (thickness 0.08)) (justify mirror))
    )
    (pad 1 smd roundrect (at -0.9375 0) (size 0.975 1.4) (layers B.Cu B.Paste B.Mask) (roundrect_rratio 0.25)
      (net 40 /S_1C))
    (pad 2 smd roundrect (at 0.9375 0) (size 0.975 1.4) (layers B.Cu B.Paste B.Mask) (roundrect_rratio 0.25)
      (net 1 GND))
    (model ${KISYS3DMOD}/Capacitor_SMD.3dshapes/C_0805_2012Metric.wrl
      (at (xyz 0 0 0))
      (scale (xyz 1 1 1))
      (rotate (xyz 0 0 0))
    )
  )

  (module Capacitor_SMD:C_0805_2012Metric (layer B.Cu) (tedit 5B36C52B) (tstamp 5DF45B9E)
    (at 135.5575 115.57)
    (descr "Capacitor SMD 0805 (2012 Metric), square (rectangular) end terminal, IPC_7351 nominal, (Body size source: https://docs.google.com/spreadsheets/d/1BsfQQcO9C6DZCsRaXUlFlo91Tg2WpOkGARC1WS5S8t0/edit?usp=sharing), generated with kicad-footprint-generator")
    (tags capacitor)
    (path /5DE7D863)
    (attr smd)
    (fp_text reference C3 (at 0 1.65) (layer B.SilkS)
      (effects (font (size 1 1) (thickness 0.15)) (justify mirror))
    )
    (fp_text value 100n (at 0 -1.65) (layer B.Fab)
      (effects (font (size 1 1) (thickness 0.15)) (justify mirror))
    )
    (fp_line (start -1 -0.6) (end -1 0.6) (layer B.Fab) (width 0.1))
    (fp_line (start -1 0.6) (end 1 0.6) (layer B.Fab) (width 0.1))
    (fp_line (start 1 0.6) (end 1 -0.6) (layer B.Fab) (width 0.1))
    (fp_line (start 1 -0.6) (end -1 -0.6) (layer B.Fab) (width 0.1))
    (fp_line (start -0.258578 0.71) (end 0.258578 0.71) (layer B.SilkS) (width 0.12))
    (fp_line (start -0.258578 -0.71) (end 0.258578 -0.71) (layer B.SilkS) (width 0.12))
    (fp_line (start -1.68 -0.95) (end -1.68 0.95) (layer B.CrtYd) (width 0.05))
    (fp_line (start -1.68 0.95) (end 1.68 0.95) (layer B.CrtYd) (width 0.05))
    (fp_line (start 1.68 0.95) (end 1.68 -0.95) (layer B.CrtYd) (width 0.05))
    (fp_line (start 1.68 -0.95) (end -1.68 -0.95) (layer B.CrtYd) (width 0.05))
    (fp_text user %R (at 0 0) (layer B.Fab)
      (effects (font (size 0.5 0.5) (thickness 0.08)) (justify mirror))
    )
    (pad 1 smd roundrect (at -0.9375 0) (size 0.975 1.4) (layers B.Cu B.Paste B.Mask) (roundrect_rratio 0.25)
      (net 41 /S_2C))
    (pad 2 smd roundrect (at 0.9375 0) (size 0.975 1.4) (layers B.Cu B.Paste B.Mask) (roundrect_rratio 0.25)
      (net 1 GND))
    (model ${KISYS3DMOD}/Capacitor_SMD.3dshapes/C_0805_2012Metric.wrl
      (at (xyz 0 0 0))
      (scale (xyz 1 1 1))
      (rotate (xyz 0 0 0))
    )
  )

  (module Capacitor_SMD:C_0805_2012Metric (layer B.Cu) (tedit 5B36C52B) (tstamp 5DF45BAF)
    (at 135.5575 109.22)
    (descr "Capacitor SMD 0805 (2012 Metric), square (rectangular) end terminal, IPC_7351 nominal, (Body size source: https://docs.google.com/spreadsheets/d/1BsfQQcO9C6DZCsRaXUlFlo91Tg2WpOkGARC1WS5S8t0/edit?usp=sharing), generated with kicad-footprint-generator")
    (tags capacitor)
    (path /5DE7D854)
    (attr smd)
    (fp_text reference C4 (at 0 1.65) (layer B.SilkS)
      (effects (font (size 1 1) (thickness 0.15)) (justify mirror))
    )
    (fp_text value 100n (at 0 -1.65) (layer B.Fab)
      (effects (font (size 1 1) (thickness 0.15)) (justify mirror))
    )
    (fp_text user %R (at 0 0) (layer B.Fab)
      (effects (font (size 0.5 0.5) (thickness 0.08)) (justify mirror))
    )
    (fp_line (start 1.68 -0.95) (end -1.68 -0.95) (layer B.CrtYd) (width 0.05))
    (fp_line (start 1.68 0.95) (end 1.68 -0.95) (layer B.CrtYd) (width 0.05))
    (fp_line (start -1.68 0.95) (end 1.68 0.95) (layer B.CrtYd) (width 0.05))
    (fp_line (start -1.68 -0.95) (end -1.68 0.95) (layer B.CrtYd) (width 0.05))
    (fp_line (start -0.258578 -0.71) (end 0.258578 -0.71) (layer B.SilkS) (width 0.12))
    (fp_line (start -0.258578 0.71) (end 0.258578 0.71) (layer B.SilkS) (width 0.12))
    (fp_line (start 1 -0.6) (end -1 -0.6) (layer B.Fab) (width 0.1))
    (fp_line (start 1 0.6) (end 1 -0.6) (layer B.Fab) (width 0.1))
    (fp_line (start -1 0.6) (end 1 0.6) (layer B.Fab) (width 0.1))
    (fp_line (start -1 -0.6) (end -1 0.6) (layer B.Fab) (width 0.1))
    (pad 2 smd roundrect (at 0.9375 0) (size 0.975 1.4) (layers B.Cu B.Paste B.Mask) (roundrect_rratio 0.25)
      (net 1 GND))
    (pad 1 smd roundrect (at -0.9375 0) (size 0.975 1.4) (layers B.Cu B.Paste B.Mask) (roundrect_rratio 0.25)
      (net 42 /S_3C))
    (model ${KISYS3DMOD}/Capacitor_SMD.3dshapes/C_0805_2012Metric.wrl
      (at (xyz 0 0 0))
      (scale (xyz 1 1 1))
      (rotate (xyz 0 0 0))
    )
  )

  (module Capacitor_SMD:C_0805_2012Metric (layer B.Cu) (tedit 5B36C52B) (tstamp 5DF45BC0)
    (at 135.5575 102.87)
    (descr "Capacitor SMD 0805 (2012 Metric), square (rectangular) end terminal, IPC_7351 nominal, (Body size source: https://docs.google.com/spreadsheets/d/1BsfQQcO9C6DZCsRaXUlFlo91Tg2WpOkGARC1WS5S8t0/edit?usp=sharing), generated with kicad-footprint-generator")
    (tags capacitor)
    (path /5DE7F142)
    (attr smd)
    (fp_text reference C5 (at 0 1.65) (layer B.SilkS)
      (effects (font (size 1 1) (thickness 0.15)) (justify mirror))
    )
    (fp_text value 100n (at 0 -1.65) (layer B.Fab)
      (effects (font (size 1 1) (thickness 0.15)) (justify mirror))
    )
    (fp_text user %R (at 0 0) (layer B.Fab)
      (effects (font (size 0.5 0.5) (thickness 0.08)) (justify mirror))
    )
    (fp_line (start 1.68 -0.95) (end -1.68 -0.95) (layer B.CrtYd) (width 0.05))
    (fp_line (start 1.68 0.95) (end 1.68 -0.95) (layer B.CrtYd) (width 0.05))
    (fp_line (start -1.68 0.95) (end 1.68 0.95) (layer B.CrtYd) (width 0.05))
    (fp_line (start -1.68 -0.95) (end -1.68 0.95) (layer B.CrtYd) (width 0.05))
    (fp_line (start -0.258578 -0.71) (end 0.258578 -0.71) (layer B.SilkS) (width 0.12))
    (fp_line (start -0.258578 0.71) (end 0.258578 0.71) (layer B.SilkS) (width 0.12))
    (fp_line (start 1 -0.6) (end -1 -0.6) (layer B.Fab) (width 0.1))
    (fp_line (start 1 0.6) (end 1 -0.6) (layer B.Fab) (width 0.1))
    (fp_line (start -1 0.6) (end 1 0.6) (layer B.Fab) (width 0.1))
    (fp_line (start -1 -0.6) (end -1 0.6) (layer B.Fab) (width 0.1))
    (pad 2 smd roundrect (at 0.9375 0) (size 0.975 1.4) (layers B.Cu B.Paste B.Mask) (roundrect_rratio 0.25)
      (net 1 GND))
    (pad 1 smd roundrect (at -0.9375 0) (size 0.975 1.4) (layers B.Cu B.Paste B.Mask) (roundrect_rratio 0.25)
      (net 43 /S_4C))
    (model ${KISYS3DMOD}/Capacitor_SMD.3dshapes/C_0805_2012Metric.wrl
      (at (xyz 0 0 0))
      (scale (xyz 1 1 1))
      (rotate (xyz 0 0 0))
    )
  )

  (module Capacitor_SMD:C_0805_2012Metric (layer B.Cu) (tedit 5B36C52B) (tstamp 5DF45BD1)
    (at 135.5575 96.52)
    (descr "Capacitor SMD 0805 (2012 Metric), square (rectangular) end terminal, IPC_7351 nominal, (Body size source: https://docs.google.com/spreadsheets/d/1BsfQQcO9C6DZCsRaXUlFlo91Tg2WpOkGARC1WS5S8t0/edit?usp=sharing), generated with kicad-footprint-generator")
    (tags capacitor)
    (path /5DE7F133)
    (attr smd)
    (fp_text reference C6 (at 0 1.65) (layer B.SilkS)
      (effects (font (size 1 1) (thickness 0.15)) (justify mirror))
    )
    (fp_text value 100n (at 0 -1.65) (layer B.Fab)
      (effects (font (size 1 1) (thickness 0.15)) (justify mirror))
    )
    (fp_line (start -1 -0.6) (end -1 0.6) (layer B.Fab) (width 0.1))
    (fp_line (start -1 0.6) (end 1 0.6) (layer B.Fab) (width 0.1))
    (fp_line (start 1 0.6) (end 1 -0.6) (layer B.Fab) (width 0.1))
    (fp_line (start 1 -0.6) (end -1 -0.6) (layer B.Fab) (width 0.1))
    (fp_line (start -0.258578 0.71) (end 0.258578 0.71) (layer B.SilkS) (width 0.12))
    (fp_line (start -0.258578 -0.71) (end 0.258578 -0.71) (layer B.SilkS) (width 0.12))
    (fp_line (start -1.68 -0.95) (end -1.68 0.95) (layer B.CrtYd) (width 0.05))
    (fp_line (start -1.68 0.95) (end 1.68 0.95) (layer B.CrtYd) (width 0.05))
    (fp_line (start 1.68 0.95) (end 1.68 -0.95) (layer B.CrtYd) (width 0.05))
    (fp_line (start 1.68 -0.95) (end -1.68 -0.95) (layer B.CrtYd) (width 0.05))
    (fp_text user %R (at 0 0) (layer B.Fab)
      (effects (font (size 0.5 0.5) (thickness 0.08)) (justify mirror))
    )
    (pad 1 smd roundrect (at -0.9375 0) (size 0.975 1.4) (layers B.Cu B.Paste B.Mask) (roundrect_rratio 0.25)
      (net 44 /S_5C))
    (pad 2 smd roundrect (at 0.9375 0) (size 0.975 1.4) (layers B.Cu B.Paste B.Mask) (roundrect_rratio 0.25)
      (net 1 GND))
    (model ${KISYS3DMOD}/Capacitor_SMD.3dshapes/C_0805_2012Metric.wrl
      (at (xyz 0 0 0))
      (scale (xyz 1 1 1))
      (rotate (xyz 0 0 0))
    )
  )

  (module Capacitor_SMD:C_0805_2012Metric (layer B.Cu) (tedit 5B36C52B) (tstamp 5DF45BE2)
    (at 135.5575 90.17)
    (descr "Capacitor SMD 0805 (2012 Metric), square (rectangular) end terminal, IPC_7351 nominal, (Body size source: https://docs.google.com/spreadsheets/d/1BsfQQcO9C6DZCsRaXUlFlo91Tg2WpOkGARC1WS5S8t0/edit?usp=sharing), generated with kicad-footprint-generator")
    (tags capacitor)
    (path /5DE7F1B2)
    (attr smd)
    (fp_text reference C7 (at 0 1.65) (layer B.SilkS)
      (effects (font (size 1 1) (thickness 0.15)) (justify mirror))
    )
    (fp_text value 100n (at 0 -1.65) (layer B.Fab)
      (effects (font (size 1 1) (thickness 0.15)) (justify mirror))
    )
    (fp_line (start -1 -0.6) (end -1 0.6) (layer B.Fab) (width 0.1))
    (fp_line (start -1 0.6) (end 1 0.6) (layer B.Fab) (width 0.1))
    (fp_line (start 1 0.6) (end 1 -0.6) (layer B.Fab) (width 0.1))
    (fp_line (start 1 -0.6) (end -1 -0.6) (layer B.Fab) (width 0.1))
    (fp_line (start -0.258578 0.71) (end 0.258578 0.71) (layer B.SilkS) (width 0.12))
    (fp_line (start -0.258578 -0.71) (end 0.258578 -0.71) (layer B.SilkS) (width 0.12))
    (fp_line (start -1.68 -0.95) (end -1.68 0.95) (layer B.CrtYd) (width 0.05))
    (fp_line (start -1.68 0.95) (end 1.68 0.95) (layer B.CrtYd) (width 0.05))
    (fp_line (start 1.68 0.95) (end 1.68 -0.95) (layer B.CrtYd) (width 0.05))
    (fp_line (start 1.68 -0.95) (end -1.68 -0.95) (layer B.CrtYd) (width 0.05))
    (fp_text user %R (at 0 0) (layer B.Fab)
      (effects (font (size 0.5 0.5) (thickness 0.08)) (justify mirror))
    )
    (pad 1 smd roundrect (at -0.9375 0) (size 0.975 1.4) (layers B.Cu B.Paste B.Mask) (roundrect_rratio 0.25)
      (net 45 /S_6C))
    (pad 2 smd roundrect (at 0.9375 0) (size 0.975 1.4) (layers B.Cu B.Paste B.Mask) (roundrect_rratio 0.25)
      (net 1 GND))
    (model ${KISYS3DMOD}/Capacitor_SMD.3dshapes/C_0805_2012Metric.wrl
      (at (xyz 0 0 0))
      (scale (xyz 1 1 1))
      (rotate (xyz 0 0 0))
    )
  )

  (module Capacitor_SMD:C_0805_2012Metric (layer B.Cu) (tedit 5B36C52B) (tstamp 5DF45BF3)
    (at 135.5575 83.82)
    (descr "Capacitor SMD 0805 (2012 Metric), square (rectangular) end terminal, IPC_7351 nominal, (Body size source: https://docs.google.com/spreadsheets/d/1BsfQQcO9C6DZCsRaXUlFlo91Tg2WpOkGARC1WS5S8t0/edit?usp=sharing), generated with kicad-footprint-generator")
    (tags capacitor)
    (path /5DE7F1A3)
    (attr smd)
    (fp_text reference C8 (at 0 1.65) (layer B.SilkS)
      (effects (font (size 1 1) (thickness 0.15)) (justify mirror))
    )
    (fp_text value 100n (at 0 -1.65) (layer B.Fab)
      (effects (font (size 1 1) (thickness 0.15)) (justify mirror))
    )
    (fp_text user %R (at 0 0) (layer B.Fab)
      (effects (font (size 0.5 0.5) (thickness 0.08)) (justify mirror))
    )
    (fp_line (start 1.68 -0.95) (end -1.68 -0.95) (layer B.CrtYd) (width 0.05))
    (fp_line (start 1.68 0.95) (end 1.68 -0.95) (layer B.CrtYd) (width 0.05))
    (fp_line (start -1.68 0.95) (end 1.68 0.95) (layer B.CrtYd) (width 0.05))
    (fp_line (start -1.68 -0.95) (end -1.68 0.95) (layer B.CrtYd) (width 0.05))
    (fp_line (start -0.258578 -0.71) (end 0.258578 -0.71) (layer B.SilkS) (width 0.12))
    (fp_line (start -0.258578 0.71) (end 0.258578 0.71) (layer B.SilkS) (width 0.12))
    (fp_line (start 1 -0.6) (end -1 -0.6) (layer B.Fab) (width 0.1))
    (fp_line (start 1 0.6) (end 1 -0.6) (layer B.Fab) (width 0.1))
    (fp_line (start -1 0.6) (end 1 0.6) (layer B.Fab) (width 0.1))
    (fp_line (start -1 -0.6) (end -1 0.6) (layer B.Fab) (width 0.1))
    (pad 2 smd roundrect (at 0.9375 0) (size 0.975 1.4) (layers B.Cu B.Paste B.Mask) (roundrect_rratio 0.25)
      (net 1 GND))
    (pad 1 smd roundrect (at -0.9375 0) (size 0.975 1.4) (layers B.Cu B.Paste B.Mask) (roundrect_rratio 0.25)
      (net 46 /S_7C))
    (model ${KISYS3DMOD}/Capacitor_SMD.3dshapes/C_0805_2012Metric.wrl
      (at (xyz 0 0 0))
      (scale (xyz 1 1 1))
      (rotate (xyz 0 0 0))
    )
  )

  (module Capacitor_SMD:C_0805_2012Metric (layer B.Cu) (tedit 5B36C52B) (tstamp 5DF45C48)
    (at 135.5575 77.47)
    (descr "Capacitor SMD 0805 (2012 Metric), square (rectangular) end terminal, IPC_7351 nominal, (Body size source: https://docs.google.com/spreadsheets/d/1BsfQQcO9C6DZCsRaXUlFlo91Tg2WpOkGARC1WS5S8t0/edit?usp=sharing), generated with kicad-footprint-generator")
    (tags capacitor)
    (path /5DE85439)
    (attr smd)
    (fp_text reference C13 (at 0 1.65) (layer B.SilkS)
      (effects (font (size 1 1) (thickness 0.15)) (justify mirror))
    )
    (fp_text value 100n (at 0 -1.65) (layer B.Fab)
      (effects (font (size 1 1) (thickness 0.15)) (justify mirror))
    )
    (fp_line (start -1 -0.6) (end -1 0.6) (layer B.Fab) (width 0.1))
    (fp_line (start -1 0.6) (end 1 0.6) (layer B.Fab) (width 0.1))
    (fp_line (start 1 0.6) (end 1 -0.6) (layer B.Fab) (width 0.1))
    (fp_line (start 1 -0.6) (end -1 -0.6) (layer B.Fab) (width 0.1))
    (fp_line (start -0.258578 0.71) (end 0.258578 0.71) (layer B.SilkS) (width 0.12))
    (fp_line (start -0.258578 -0.71) (end 0.258578 -0.71) (layer B.SilkS) (width 0.12))
    (fp_line (start -1.68 -0.95) (end -1.68 0.95) (layer B.CrtYd) (width 0.05))
    (fp_line (start -1.68 0.95) (end 1.68 0.95) (layer B.CrtYd) (width 0.05))
    (fp_line (start 1.68 0.95) (end 1.68 -0.95) (layer B.CrtYd) (width 0.05))
    (fp_line (start 1.68 -0.95) (end -1.68 -0.95) (layer B.CrtYd) (width 0.05))
    (fp_text user %R (at 0 0) (layer B.Fab)
      (effects (font (size 0.5 0.5) (thickness 0.08)) (justify mirror))
    )
    (pad 1 smd roundrect (at -0.9375 0) (size 0.975 1.4) (layers B.Cu B.Paste B.Mask) (roundrect_rratio 0.25)
      (net 47 /S_8C))
    (pad 2 smd roundrect (at 0.9375 0) (size 0.975 1.4) (layers B.Cu B.Paste B.Mask) (roundrect_rratio 0.25)
      (net 1 GND))
    (model ${KISYS3DMOD}/Capacitor_SMD.3dshapes/C_0805_2012Metric.wrl
      (at (xyz 0 0 0))
      (scale (xyz 1 1 1))
      (rotate (xyz 0 0 0))
    )
  )

  (module Capacitor_SMD:C_0805_2012Metric (layer B.Cu) (tedit 5B36C52B) (tstamp 5DF45C59)
    (at 135.5575 71.12)
    (descr "Capacitor SMD 0805 (2012 Metric), square (rectangular) end terminal, IPC_7351 nominal, (Body size source: https://docs.google.com/spreadsheets/d/1BsfQQcO9C6DZCsRaXUlFlo91Tg2WpOkGARC1WS5S8t0/edit?usp=sharing), generated with kicad-footprint-generator")
    (tags capacitor)
    (path /5DE8542A)
    (attr smd)
